15.0
15.218148850345612
15.43619387365336
15.65403129230143
15.871557427476581
16.088668748519645
16.305261922200515
16.521233861899166
16.736481776669304
16.950903220161283
17.16439613938103
17.37685892326173
17.588190451025206
17.79829014030992
18.007057995042732
18.214394653031615
18.420201433256686
18.624380382837018
18.8268343236509
19.02746689858737
19.226182617406995
19.422886902190015
19.617486132350336
19.809887689193875
20.0
20.187732581605214
20.372996083468237
20.55570233019602
20.735764363510462
20.913096483635822
21.087614290087206
21.259234721840592
21.427876096865393
21.59345815100069
21.7559020761566
21.915130557822692
22.071067811865476
22.223639620597556
22.37277336810124
22.518398074789772
22.66044443118978
22.798844830928818
22.933533402912353
23.064446042674824
23.191520442889917
23.314696123025453
23.433914458128854
23.549118706729466
23.660254037844386
23.767267557075076
23.87010833178222
23.96872741532688
24.0630778703665
24.15311479119447
24.238795325112868
24.320078692827984
24.39692620785908
24.469301294951055
24.537169507482268
24.60049854385929
24.65925826289068
24.713420698132616
24.762960071199334
24.807852804032304
24.84807753012208
24.883615104677606
24.914448613738102
24.940563382223196
24.961946980917453
24.978589232386035
24.990482215818577
24.99762027079909
25.0
24.99762027079909
24.990482215818577
24.978589232386035
24.961946980917453
24.940563382223196
24.914448613738106
24.883615104677606
24.84807753012208
24.807852804032304
24.762960071199334
24.713420698132616
24.65925826289068
24.60049854385929
24.537169507482268
24.46930129495106
24.396926207859085
24.320078692827984
24.238795325112868
24.153114791194472
24.0630778703665
23.96872741532688
23.870108331782216
23.76726755707508
23.66025403784439
23.549118706729466
23.43391445812886
23.31469612302545
23.191520442889917
23.064446042674824
22.933533402912353
22.79884483092882
22.66044443118978
22.518398074789772
22.372773368101242
22.223639620597556
22.071067811865476
21.915130557822692
21.7559020761566
21.59345815100069
21.427876096865397
21.259234721840592
21.08761429008721
20.913096483635822
20.73576436351046
20.55570233019602
20.37299608346824
20.187732581605218
20.000000000000004
19.809887689193875
19.61748613235034
19.422886902190015
19.226182617406995
19.027466898587374
18.8268343236509
18.624380382837018
18.42020143325669
18.21439465303162
18.007057995042732
17.79829014030992
17.588190451025206
17.376858923261732
17.164396139381033
16.950903220161287
16.736481776669304
16.521233861899166
16.305261922200515
16.088668748519645
15.871557427476581
15.654031292301436
15.43619387365336
15.218148850345612
15.000000000000002
14.78185114965439
14.563806126346641
14.345968707698567
14.12844257252342
13.911331251480357
13.694738077799487
13.478766138100836
13.2635182233307
13.049096779838717
12.83560386061897
12.623141076738268
12.411809548974796
12.201709859690084
11.99294200495727
11.785605346968385
11.579798566743314
11.375619617162984
11.173165676349104
10.97253310141263
10.77381738259301
10.577113097809992
10.382513867649658
10.190112310806121
10.0
9.812267418394784
9.627003916531761
9.44429766980398
9.264235636489541
9.08690351636418
8.912385709912797
8.740765278159412
8.57212390313461
8.406541848999307
8.244097923843398
8.084869442177308
7.928932188134525
7.776360379402445
7.627226631898761
7.481601925210227
7.339555568810221
7.201155169071186
7.066466597087651
6.9355539573251725
6.808479557110079
6.685303876974547
6.566085541871145
6.450881293270534
6.3397459621556145
6.232732442924924
6.129891668217786
6.031272584673118
5.936922129633503
5.84688520880553
5.761204674887132
5.679921307172016
5.603073792140915
5.530698705048945
5.46283049251773
5.3995014561407135
5.340741737109317
5.286579301867388
5.2370399288006695
5.1921471959676975
5.1519224698779205
5.116384895322392
5.085551386261896
5.059436617776804
5.038053019082545
5.021410767613965
5.009517784181423
5.002379729200909
5.0
5.002379729200909
5.009517784181423
5.021410767613965
5.038053019082545
5.059436617776804
5.085551386261894
5.116384895322394
5.151922469877919
5.192147195967696
5.237039928800666
5.286579301867386
5.340741737109315
5.39950145614071
5.462830492517732
5.530698705048943
5.603073792140917
5.679921307172014
5.761204674887134
5.846885208805528
5.936922129633498
6.0312725846731166
6.12989166821778
6.23273244292492
6.339745962155609
6.4508812932705375
6.566085541871143
6.685303876974546
6.808479557110083
6.935553957325171
7.066466597087649
7.201155169071178
7.339555568810219
7.481601925210223
7.627226631898758
7.776360379402446
7.928932188134523
8.084869442177308
8.244097923843395
8.406541848999312
8.572123903134603
8.74076527815941
8.91238570991279
9.08690351636417
9.264235636489534
9.44429766980397
9.627003916531766
9.812267418394786
10.000000000000004
10.190112310806121
10.382513867649656
10.577113097809985
10.773817382593
10.972533101412626
11.173165676349097
11.375619617162982
11.579798566743314
11.785605346968381
11.99294200495727
12.201709859690077
12.411809548974793
12.623141076738264
12.83560386061897
13.049096779838713
13.263518223330696
13.478766138100829
13.694738077799474
13.911331251480357
14.128442572523417
14.345968707698573
14.563806126346638
14.781851149654392
