12.446808510638299
10.8335830586355
11.180701228648488
10.613824792728
10.928478673459194
10.406552791928878
10.938467685545898
10.57386874438118
10.37908300869044
9.907102187593647
10.661272600139846
10.37908300869044
12.901308560583358
11.862451303566077
11.680151832983718
11.24313255419039
11.685146339027071
11.270602337428828
11.278094096493856
11.315552891819
11.442912795924482
11.290580361602238
10.786135251223655
11.03586055339127
12.12716012386375
12.561682149635402
11.62021776046349
11.580261712116672
10.935970432524222
11.390470482469283
11.837478773349314
11.298072120667266
10.638797322944761
10.5089401658176
10.893517131155729
11.390470482469283
14.831685146339026
14.574468085106382
13.842772949755268
13.435720707222055
13.660473479172909
13.500649285785636
12.831385475976425
13.323344321246628
12.429327739486563
11.397962241534312
11.400459494555989
10.823594046548795
10.401558285885525
9.515033463190491
10.521426430925981
10.166816501847968
9.584956547797422
8.191489361702128
8.283887723504145
7.3349315752672055
7.185096393966637
6.6357007291978825
6.748077115173309
6.5133353311357505
6.847967236040356
6.788033163520128
6.960343622015783
6.4059534512036755
6.603236439916092
6.837978223953651
5.397063230446509
5.958945160323644
5.8340825092398365
5.5993407252022775
5.347118170012986
5.42203576066327
6.570772150634302
6.286085306163221
6.088802317450805
5.724203376286085
5.287184097492758
5.272200579362701
5.0
5.938967136150235
5.1148736389971035
5.31215662770952
5.551892917790431
5.044950554390171
6.643192488262911
5.966436919388673
6.548296873439217
6.82549195884527
5.821596244131455
6.203675956447907
7.100189791229647
6.251123763859754
6.713115572869843
6.7430826091299565
6.705623813804815
7.122665068424732
9.36519828188992
8.428728398761363
8.059134951553292
9.187893317350914
8.67096194186395
8.830786135251223
9.078014184397162
8.815802617121166
8.778343821796025
9.392668065128358
9.02057736489861
9.924582958745379
12.62661072819898
12.534212366396963
12.374388173009688
13.12106682649086
12.54919588452702
12.394366197183098
13.770352612126661
13.053640994905603
13.378283887723503
13.52312456298072
14.032564179402657
13.710418539606433
17.21406452901808
15.416042353411248
15.833083608031165
16.372490260713214
17.119168914194386
15.962940765158326
17.810908001198683
17.313954649885126
18.160523424233343
18.360303665967436
17.775946458895213
17.965737688542603
22.143641993806813
20.438018180001997
20.705224253321347
20.405553890720206
21.049845170312654
21.07731495355109
21.61921885925482
21.486864449105983
21.08480671261612
21.873938667465787
22.11866946359005
21.978823294376184
25.702227549695333
24.336230146838478
25.382579162920788
25.147837378883228
25.225252222555188
25.195285186295074
26.551293577065227
24.71581260613325
24.70582359404655
25.4649885126361
25.989411647188092
26.124263310358604
29.405653780841075
28.139546498851264
26.87593646988313
27.168115073419237
27.49275796623714
26.034362201578265
27.607631605234243
26.788532614124463
27.150634302267505
27.372889821196683
27.20557386874438
26.65368095095395
28.943661971830984
26.146738587553692
26.54879632404355
26.703626011387474
26.086804515033464
26.314054540005994
26.9208870242733
26.246628708420737
26.508840275696734
26.006892418339827
25.537408850264708
26.116771551293578
30.0
27.532714014583956
27.380381580261712
26.17920287683548
27.26550794126461
26.801018879232842
25.81460393567076
24.99051043851763
24.29377684546998
23.369793227449804
23.252422335431024
22.181100789131953
22.980221756068325
21.51433423234442
21.09979023074618
21.39696334032564
21.41694136449905
20.862551193686944
19.83368294875637
20.060932973728896
18.969633403256417
19.03955648786335
19.064529018080112
18.859754270302666
19.953551093796825
18.18799320747178
18.19548496653681
18.450204774747775
17.998201977824394
17.10418539606433
17.16162221556288
17.06922385376086
16.9918090100889
16.754569973029668
16.672160623314355
16.222655079412647
17.16911397462791
14.801718110078912
15.628308860253721
15.038957147138147
14.779242832883828
13.735391069823194
14.561981819998001
14.192388372789932
15.111377484766756
14.289781240635302
15.046448906203176
14.24483068624513
14.851663170512436
14.43961642193587
14.0175806612726
13.970132853860752
14.292278493656976
13.690440515433023
13.220956947357907
13.395764658875237
16.574767755468983
14.941564279292777
15.503446209169914
13.820297672560184
14.981520327639597
13.520627309959044
13.345819598441715
12.634102487264009
12.281989811207671
11.874937568674458
12.12716012386375
12.032264509040056
12.114673858755369
12.609129957047248
12.62661072819898
12.993706922385375
13.942663070622315
12.364399160922986
12.499250824093497
11.195684746778543
12.02976725601838
10.893517131155729
12.219558485665768
12.019778243931675
12.351912895814603
11.655179302766957
12.526720607331935
13.415742683048647
17.543701927879333
14.899110977924282
14.457097193087604
14.307262011787033
13.398261911896913
12.946259114973529
14.194885625811606
13.630506442912795
13.378283887723503
12.836379982019778
13.752871840974928
13.870242732993706
15.108880231745081
14.072520227749475
14.047547697532714
14.080011986814505
13.425731695135351
13.750374587953251
12.996204175407051
12.606632704025571
12.232044750774147
12.164618919188893
12.094695834581959
11.420437518729397
