17.733483347649
15.437226543212
14.859217904819
14.428053954170
14.148350361663
14.048495008628
15.077777440066
13.737688434555
13.734195005588
13.066817334618
13.947107132350
13.363101139218
14.053140846805
12.943925864490
12.826095944553
12.932474175060
12.822276703558
12.607515291859
12.332815327405
12.400132919240
12.371148319213
12.233086679047
11.986472918120
11.931604362533
12.218892135026
12.219205276586
12.132931458275
12.279491362173
12.048346432309
11.873125326990
12.600668412426
11.730104103731
11.738928782845
11.722318402972
11.716728916624
11.841172217375
12.088128080932
11.952267482021
11.917315091681
11.743567984111
11.684592990260
11.528641252977
11.458575979704
11.535227482788
11.690296510817
11.579425091101
11.509922145255
11.003315212805
11.583333025371
11.739149007642
11.957356786570
10.886123039745
10.268557201015
10.000000000000
11.758612052828
11.783601835378
11.673475559837
11.776875023710
11.759367454048
11.859358562095
12.502967642265
12.271326150737
12.187751142058
12.013413349348
12.227146643092
12.020566130075
12.063406188272
11.949184938223
12.141004959659
12.086791648261
12.196490748032
12.447947644421
13.003483096502
12.916750727930
12.873333258417
12.861815199870
12.932600879738
12.980380610293
13.149139173700
13.240457044889
13.535962520756
13.444831689805
13.578118977050
13.713445606248
14.161931896387
14.181685758975
14.214616908030
13.905469561879
14.127540626761
14.062118778244
14.986242360858
14.765347839410
14.710086499322
14.991708762662
15.691100482164
15.867594064459
16.924932531645
16.618476151502
17.027846897610
17.059945415927
18.849721389235
18.823089272722
19.520876066308
20.126065874818
19.435416778067
21.995484788312
24.037318600194
24.027212393769
29.660448056399
25.527401809720
27.679903107123
33.186150515051
30.716054892991
35.217449738027
33.566982540925
43.628546684527
43.088078832030
43.563716124505
42.508374764380
42.463074825372
44.292979980133
37.529719600286
35.351774796916
43.681032588820
31.000458625681
21.725929637122
25.863380379735
21.037217311871
20.332353157009
13.920205315880
19.590074920928
11.974234452978
14.510380620097
38.425238093550
35.318391131155
40.320172915684
39.328419203029
37.524096326024
34.332031417632
38.599867307018
36.409161532550
36.002409349779
31.331200069024
33.295695759142
31.196265620971
23.746561532958
23.939864602477
21.059987952497
20.420364639470
21.334810398140
23.689858172968
24.084108827553
23.816381843853
22.349913972803
21.704788056636
24.268741676992
24.779096051121
22.364080762467
22.608825931078
23.385030852966
22.612367628493
22.664702693885
29.914877082510
31.736027547407
34.468999174082
30.001356041728
38.465946496386
39.305533924838
50.000000000000
48.583683047042
39.147358218786
31.524539339879
40.368700807192
38.334680450426
24.154834171859
25.638473543498
25.008244477279
23.969604000368
23.770731958593
24.308641583314
34.904561587109
28.218699664587
34.247265988339
36.814278621625
37.154637553351
30.252852759586
32.529349667879
31.219138832050
31.557331717145
32.437156931059
29.554305737934
33.773046581542
26.351555401733
25.425078732250
25.350365207378
24.847920825264
26.974357160424
22.469559389763
26.402394145218
26.789332129840
25.782072178074
22.606943461582
25.012769644335
23.583721888060
35.698082814931
30.549794221799
32.843154919320
31.364987983042
30.612048453377
30.313073682767
33.518599454763
34.599963542237
32.955928115911
33.932356596136
30.666175484923
27.918729357225
10.035143050712
10.032359167939
10.029119148327
10.025020553686
10.022341051433
10.019330306952
10.018960449965
10.014766525137
10.012252342321
10.041284607441
10.007050813629
10.007005561958
26.164684102990
26.118690305033
23.108187166038
22.678103221926
22.099979945968
22.794864599083
23.277458581712
23.036912768128
22.044169552278
21.838304619011
23.502286981720
23.080288002749
21.952712909299
21.091458980982
24.012110402914
20.661181963076
20.959680082756
20.391753516564
19.904936044683
20.073067118258
19.843013658689
18.309163033397
18.898472522318
18.871007775067
21.780231641793
18.922081827238
18.679182926786
18.456013754698
18.107479354491
17.434243100572
17.352313442635
17.642630060277
18.393029462835
17.590065719755
16.608056200161
14.840851760128
16.662810721539
16.145246247901
16.128448827789
15.758694410868
14.927777202495
13.248463573800
15.124284090289
15.054783557866
15.001971841545
14.806532893175
13.915998117229
12.682054446961
17.364127145429
16.175070115578
15.843725316628
15.650295542431
14.863912011445
14.629170478806
14.700903426977
14.360339354345
14.835596532787
13.979018610428
13.859849844398
13.281684333547
